%% Testing Data
RC = [     1     2     3     4     0
     1     2     3     4     0
     1     2     3     4     0
     2     3     4     0     0
     3     4     8     0     0
     3     4     8     0     0
     1     2     3     4     0
     4     3     2     1     7
     4     3     2     0     0
     4     3     2     8     0
     1     2     3     4     7
     5     6     3     0     0
     5     6     0     0     0
     6     0     0     0     0
     6     5     0     0     0
     7     0     0     0     0
     7     8     4     3     2
     7     8     3     2     0
     8     7     0     0     0
     8     0     0     0     0
     6     4     0     0     0
     6     4     8     0     0
     3     4     7     0     0];
 
mu8p5 = [-40 -30; -30 -20; -22 -15; -7 2; 16 17; 28 29; 20 -10; 7 -5];
mu = mu8p5;
mu = mu/10;

xyrandMatEx = [-39.6996  -23.2688
  -38.7380  -46.8043
  -26.2023  -43.6853
  -46.7823   12.3291
  -12.8984   -8.9004
   -6.6048  -13.5209
  -32.4561  -48.6576
       NaN       NaN
  -41.4578   25.7809
  -18.3811   -2.9592
       NaN       NaN
       NaN       NaN
  -13.7660   47.4703
   30.7014   40.4221
   30.6260   30.4386
   28.2441  -33.6971
   20.4687  -37.0327
   14.8461  -48.8736
    6.3926  -12.3798
   12.4646   -8.9105
       NaN       NaN
       NaN       NaN
       NaN       NaN]






















%% %% 1. m! no zeros

mu5 = [-40 -30; -7 2; 16 17; 20 0;-10 -11];
mu=mu5;

%% 1a No Home
RC = [1 2 3 5 4; 2 3 1 5 4; 2 1 3 5 4; 3 2 5 1 4; 3 2 5 4 1; 4 5 2 3 1; 4 3 5 2 1; 4 5 3 2 1; 5 4 3 2 1];
%%
xyrandMat = [
  -34.3872  -19.8582
  -30.7115   -3.9400
  -31.5371   -6.0555
   -7.4236  -13.0589
  -12.3699   -4.0249
       NaN       NaN
    2.3390   45.9778
   42.0614   11.2028
   22.6811    1.4001]
%CHECK

%% 1b Homes

RC = [1 2 3 5 4; 2 3 1 5 4; 2 1 3 5 4; 3 2 5 1 4; 3 2 5 4 1; 4 3 5 2 1; 4 5 3 2 1; 5 4 3 2 1];
%CHECK
%% 2. mPk no zeros
%8P5

mu8p5 = [-40 -30; -30 -20; -22 -15; -7 2; 16 17; 28 29; 20 -10; 7 -5];
mu = mu8p5
%1 very left, 2 left, 3 left, 4 liberal, 5 conservative, 6 right, 7
%libertarian, 8 moderate libertarian

%% 2a No Homes
RC = [1 2 3 4 7; 1 3 2 4 7; 1 2 3 4 8; 2 3 1 4 8; 2 3 1 4 7; 3 4 2 7 1; 4 3 8 7 2; 5 7 8 4 6; 5 6 7 8 3; 6 5 7 8 4; 6 1 7 3 5];
%%
xyrandMat = [

       NaN       NaN
       NaN       NaN
  -49.2840  -14.2647
  -43.4079    0.1509
       NaN       NaN
       NaN       NaN
       NaN       NaN
   18.2222    3.5875
       NaN       NaN
   27.2902   24.0430
       NaN       NaN]
%% 2b Homes

RC = [1 2 3 4 8; 2 3 1 4 8; 5 7 8 4 6; 6 5 7 8 4];

xyrandMat = [
  -38.9947  -41.0497
  -42.2781    2.9716
   19.1399    3.7812
   28.0603   26.3849];

%% 3. m! zeros

%% 3a No Homes
RC = [1 0 0 0 0; 1 2 3 4 5; 1 2 3 5 4; 2 3 0 0 0; 3 2 4 0 0; 5 4 0 0 0; 5 4 3 2 1; 4 5 1 3 0; 4 2 1 0 0; 5 0 0 0 0; 3 4 1 0 0];



%% 4. mPk zeros
mu = mu8p5

%% 4a No Homes
%Take 2a, make everyones last vote a non-entry
RC(:,5) = 0
%%
 xyrandMat = [ 
     -24.1357  -48.9742
       NaN       NaN
  -49.0315  -31.5560
  -25.5838  -22.0772
  -48.6368    5.6677
       NaN       NaN
       NaN       NaN
   17.7509    3.4989
   23.3090   11.6459
   35.2283   11.9151
       NaN       NaN]
   
   %% 4b Homes
   RC = [1 2 3 4 7; 1 2 3 4 8; 2 3 1 4 8; 2 3 1 4 7; 5 7 8 4 6; 5 6 7 8 3; 6 5 7 8 4; 1 0 0 0 0; 2 1 0 0 0; 2 3 4 0 0];
   RC(:,5) = 0;

   
   
